sensor_config {
  calib_type: "OCAMCALIB_DATA"

  cam_param {
    name: front_srv_camera
    serNum: NZ0SL0A00265A2AA
    affine_c: 0.9992848038673402
    affine_d: -0.001767235225997865
    affine_e: 0.001682350412011147
    pp_x: 960
    pp_y: 540
    cx: 960
    cy: 540
    img_width: 1920
    img_height: 1080
    polynomial_len: 5
    inv_poly_len: 12
    polynomial: -415.9656372070313, 0, 0.0003269579901825637, 2.277590880339631e-07, 1.267038002294995e-10
    inv_poly: 830.2777099609375, 636.6800537109375, 47.41175079345703, 55.208984375, 81.05706024169922, -5.480163097381593, 7.57326602935791, 51.47449111938477, 5.655478000640869, -34.9454231262207, -21.83993721008301, -4.002078533172607
  }
  cam_param {
    name: left_srv_camera
    serNum: NZ0SLU900017A2AA
    affine_c: 0.9990430474281312
    affine_d: 0.002628935035318136
    affine_e: -0.002887321403250098
    pp_x: 960
    pp_y: 540
    cx: 960
    cy: 540
    img_width: 1920
    img_height: 1080
    polynomial_len: 5
    inv_poly_len: 12
    polynomial: -415.7899780273438, 0, 0.0003186961694154888, 2.479840759406216e-07, 1.098744983885069e-10
    inv_poly: 831.7759399414064, 640.9033813476564, 52.83866500854492, 57.74419403076172, 80.83392333984375, -3.545861005783081, 9.997925758361816, 50.25992202758789, 3.290424585342407, -35.60403060913086, -21.64578247070313, -3.917882680892944
  }
  cam_param {
    name: right_srv_camera
    serNum: NZ0SLU900020A2AA
    affine_c: 0.9994868636131288
    affine_d: -0.0003696595085784793
    affine_e: 0.0003693517064675689
    pp_x: 960
    pp_y: 540
    cx: 960
    cy: 540
    img_width: 1920
    img_height: 1080
    polynomial_len: 5
    inv_poly_len: 12
    polynomial: -414.6744689941406, 0, 0.0003173187433276325, 2.564548822192592e-07, 1.049847223044686e-10
    inv_poly: 829.6998291015625, 640.163330078125, 54.72458648681641, 58.63595199584961, 80.39947509765625, -2.820646524429321, 10.75352478027344, 49.52114486694336, 2.74579906463623, -35.17517852783203, -21.21495246887207, -3.822291135787964
  }
  cam_param {
    name: rear_srv_camera
    serNum: NZ0SLU900209A2AA
    affine_c: 0.9993633031845092
    affine_d: -0.003847386687994003
    affine_e: 0.003727059811353683
    pp_x: 960
    pp_y: 540
    cx: 960
    cy: 540
    img_width: 1920
    img_height: 1080
    polynomial_len: 5
    inv_poly_len: 12
    polynomial: -414.4637145996094, 0, 0.0003252852184232324, 2.382377459753116e-07, 1.181292286211999e-10
    inv_poly: 828.531494140625, 638.1051635742189, 51.22788238525391, 56.06290435791016, 80.85758972167969, -3.94537353515625, 7.888421535491943, 49.97249984741211, 5.591145038604736, -33.55521392822266, -20.95250701904297, -3.833342790603638
  }
}
